39.395538 -74.519212
39.405069 -74.510613
39.404748 -74.511040
39.386739 -74.526992
39.409949 -74.506393
39.388969 -74.524952
39.389008 -74.525101
39.381749 -74.531390
39.384538 -74.528890
39.393768 -74.520792
39.400849 -74.514431
39.412180 -74.504621
39.377849 -74.536030
39.406008 -74.509763
39.405850 -74.510041
39.378820 -74.534983
39.396387 -74.518473
39.413388 -74.503852
39.390759 -74.522971
39.377997 -74.535983
39.378967 -74.534670
39.393979 -74.520500
39.399218 -74.515823
39.412267 -74.504681
39.407850 -74.508281
39.400188 -74.515023
39.398739 -74.516332
39.384728 -74.528850
39.381530 -74.531693
39.386399 -74.527242
39.395319 -74.519252
39.397270 -74.517571
39.401630 -74.513660
39.402698 -74.512711
39.408099 -74.507900
39.410108 -74.506112
39.387068 -74.537461
39.386958 -74.537511